precision: 0.9835526315789473
recall: 1.0
f1-score: 0.9917081260364843